0.0 0.0 0.0
0.0 0.0 0.0
0.0 0.0 0.0
0.0 0.0 0.0
0.0 0.0 0.0
0.0 0.0 0.0
0.0 0.0 0.0
0.0 0.0 0.0
0.0 0.0 0.0
0.0 0.0 0.0
0.0 0.0 0.0
0.0 0.0 0.0
0.0 0.0 0.0
0.0 0.0 0.0
0.0 0.0 0.0
0.0 0.0 0.0
0.0 0.0 0.0
0.0 0.0 0.0
0.0 0.0 0.0
0.0 0.0 0.0
0.0 0.0 0.0
0.0 0.0 0.0
0.0 0.0 0.0
0.0 0.0 0.0
0.0 0.0 0.0
0.0 0.0 0.0
0.0 0.0 0.0
0.0 0.0 0.0
0.0 0.0 0.0
0.0 0.0 0.0
0.0 0.0 0.0
0.0 0.0 0.0
0.0 0.0 0.0
0.0 0.0 0.0
0.0 0.0 0.0
0.0 0.0 0.0
0.0 0.0 0.0
0.0 0.0 0.0
0.0 0.0 0.0
0.0 0.0 0.0
0.0 0.0 0.0
0.0 0.0 0.0
0.0 0.0 0.0
0.0 0.0 0.0
0.0 0.0 0.0
0.0 0.0 0.0
0.0 0.0 0.0
0.0 0.0 0.0
0.0 0.0 0.0
0.0 0.0 0.0
0.0 0.0 0.0
0.0 0.0 0.0
0.0 0.0 0.0
0.0 0.0 0.0
0.0 0.0 0.0
0.0 0.0 0.0
0.0 0.0 0.0
0.0 0.0 0.0
0.0 0.0 0.0
0.0 0.0 0.0
0.0 0.0 0.0
0.0 0.0 0.0
0.0 0.0 0.0
0.0 0.0 0.0
0.0 0.0 0.0
0.0 0.0 0.0
0.0 0.0 0.0
0.0 0.0 0.0
0.0 0.0 0.0
0.0 0.0 0.0
0.0 0.0 0.0
0.0 0.0 0.0
0.0 0.0 0.0
0.0 0.0 0.0
0.0 0.0 0.0
0.0 0.0 0.0
0.0 0.0 0.0
0.0 0.0 0.0
0.0 0.0 0.0
0.0 0.0 0.0
0.0 0.0 0.0
0.0 0.0 0.0
0.0 0.0 0.0
0.0 0.0 0.0
0.0 0.0 0.0
0.0 0.0 0.0
0.0 0.0 0.0
0.0 0.0 0.0
0.0 0.0 0.0
0.0 0.0 0.0
0.0 0.0 0.0
0.0 0.0 0.0
0.0 0.0 0.0
0.0 0.0 0.0
0.0 0.0 0.0
0.0 0.0 0.0
0.0 0.0 0.0
0.0 0.0 0.0
0.0 0.0 0.0
0.0 0.0 0.0
0.0 0.0 0.0
0.0 0.0 0.0
0.0 0.0 0.0
0.0 0.0 0.0
0.0 0.0 0.0
0.0 0.0 0.0
0.0 0.0 0.0
0.0 0.0 0.0
0.0 0.0 0.0
0.0 0.0 0.0
0.0 0.0 0.0
0.0 0.0 0.0
0.0 0.0 0.0
0.0 0.0 0.0
0.0 0.0 0.0
0.0 0.0 0.0
0.0 0.0 0.0
0.0 0.0 0.0
0.0 0.0 0.0
0.0 0.0 0.0
0.0 0.0 0.0
0.0 0.0 0.0
0.0 0.0 0.0
0.0 0.0 0.0
0.0 0.0 0.0
0.0 0.0 0.0
0.0 0.0 0.0
0.0 0.0 0.0
0.0 0.0 0.0
0.0 0.0 0.0
0.0 0.0 0.0
0.0 0.0 0.0
0.0 0.0 0.0
0.0 0.0 0.0
0.0 0.0 0.0
0.0 0.0 0.0
0.0 0.0 0.0
0.0 0.0 0.0
0.0 0.0 0.0
0.0 0.0 0.0
0.0 0.0 0.0
0.0 0.0 0.0
0.0 0.0 0.0
0.0 0.0 0.0
0.0 0.0 0.0
0.0 0.0 0.0
0.0 0.0 0.0
0.0 0.0 0.0
0.0 0.0 0.0
0.0 0.0 0.0
0.0 0.0 0.0
0.0 0.0 0.0
0.0 0.0 0.0
0.0 0.0 0.0
0.0 0.0 0.0
0.0 0.0 0.0
0.0 0.0 0.0
0.0 0.0 0.0
0.0 0.0 0.0
0.0 0.0 0.0
0.0 0.0 0.0
0.0 0.0 0.0
0.0 0.0 0.0
0.0 0.0 0.0
0.0 0.0 0.0
0.0 0.0 0.0
0.0 0.0 0.0
0.0 0.0 0.0
0.0 0.0 0.0
0.0 0.0 0.0
0.0 0.0 0.0
0.0 0.0 0.0
0.0 0.0 0.0
0.0 0.0 0.0
0.0 0.0 0.0
0.0 0.0 0.0
0.0 0.0 0.0
0.0 0.0 0.0
0.0 0.0 0.0
0.0 0.0 0.0
0.0 0.0 0.0
0.0 0.0 0.0
0.0 0.0 0.0
0.0 0.0 0.0
0.0 0.0 0.0
0.0 0.0 0.0
0.0 0.0 0.0
0.0 0.0 0.0
0.0 0.0 0.0
0.0 0.0 0.0
0.0 0.0 0.0
0.0 0.0 0.0
0.0 0.0 0.0
0.0 0.0 0.0
0.0 0.0 0.0
0.0 0.0 0.0
0.0 0.0 0.0
0.0 0.0 0.0
0.0 0.0 0.0
0.0 0.0 0.0
0.0 0.0 0.0
0.0 0.0 0.0
0.0 0.0 0.0
0.0 0.0 0.0
0.0 0.0 0.0
0.0 0.0 0.0
0.0 0.0 0.0
0.0 0.0 0.0
0.0 0.0 0.0
0.0 0.0 0.0
0.0 0.0 0.0
0.0 0.0 0.0
0.0 0.0 0.0
0.0 0.0 0.0
0.0 0.0 0.0
0.0 0.0 0.0
0.0 0.0 0.0
0.0 0.0 0.0
0.0 0.0 0.0
0.0 0.0 0.0
0.0 0.0 0.0
0.0 0.0 0.0
0.0 0.0 0.0
0.0 0.0 0.0
0.0 0.0 0.0
0.0 0.0 0.0
0.0 0.0 0.0
0.0 0.0 0.0
0.0 0.0 0.0
0.0 0.0 0.0
0.0 0.0 0.0
0.0 0.0 0.0
0.0 0.0 0.0
0.0 0.0 0.0
0.0 0.0 0.0
0.0 0.0 0.0
0.0 0.0 0.0
0.0 0.0 0.0
0.0 0.0 0.0
0.0 0.0 0.0
0.0 0.0 0.0
0.0 0.0 0.0
0.0 0.0 0.0
0.0 0.0 0.0
0.0 0.0 0.0
0.0 0.0 0.0
0.0 0.0 0.0
0.0 0.0 0.0
0.0 0.0 0.0
0.0 0.0 0.0
0.0 0.0 0.0
0.0 0.0 0.0
0.0 0.0 0.0
0.0 0.0 0.0
0.0 0.0 0.0
0.0 0.0 0.0
0.0 0.0 0.0
0.0 0.0 0.0
0.0 0.0 0.0
0.0 0.0 0.0
0.0 0.0 0.0
0.0 0.0 0.0
0.0 0.0 0.0
0.0 0.0 0.0
0.0 0.0 0.0
0.0 0.0 0.0
0.0 0.0 0.0
0.0 0.0 0.0
0.0 0.0 0.0
0.0 0.0 0.0
0.0 0.0 0.0
0.0 0.0 0.0
0.0 0.0 0.0
0.0 0.0 0.0
0.0 0.0 0.0
0.0 0.0 0.0
0.0 0.0 0.0
0.0 0.0 0.0
0.0 0.0 0.0
0.0 0.0 0.0
0.0 0.0 0.0
0.0 0.0 0.0
0.0 0.0 0.0
0.0 0.0 0.0
0.0 0.0 0.0
0.0 0.0 0.0
0.0 0.0 0.0
0.0 0.0 0.0
0.0 0.0 0.0
0.0 0.0 0.0
0.0 0.0 0.0
0.0 0.0 0.0
0.0 0.0 0.0
0.0 0.0 0.0
0.0 0.0 0.0
0.0 0.0 0.0
0.0 0.0 0.0
0.0 0.0 0.0
0.0 0.0 0.0
0.0 0.0 0.0
0.0 0.0 0.0
0.0 0.0 0.0
0.0 0.0 0.0
0.0 0.0 0.0
0.0 0.0 0.0
0.0 0.0 0.0
0.0 0.0 0.0
0.0 0.0 0.0
0.0 0.0 0.0
0.0 0.0 0.0
0.0 0.0 0.0
0.0 0.0 0.0
0.0 0.0 0.0
0.0 0.0 0.0
0.0 0.0 0.0
0.0 0.0 0.0
0.0 0.0 0.0
0.0 0.0 0.0
0.0 0.0 0.0
0.0 0.0 0.0
0.0 0.0 0.0
0.0 0.0 0.0
0.0 0.0 0.0
0.0 0.0 0.0
0.0 0.0 0.0
0.0 0.0 0.0
0.0 0.0 0.0
0.0 0.0 0.0
0.0 0.0 0.0
0.0 0.0 0.0
0.0 0.0 0.0
0.0 0.0 0.0
0.0 0.0 0.0
0.0 0.0 0.0
0.0 0.0 0.0
0.0 0.0 0.0
0.0 0.0 0.0
0.0 0.0 0.0
0.0 0.0 0.0
0.0 0.0 0.0
0.0 0.0 0.0
0.0 0.0 0.0
0.0 0.0 0.0
0.0 0.0 0.0
0.0 0.0 0.0
0.0 0.0 0.0
0.0 0.0 0.0
0.0 0.0 0.0
0.0 0.0 0.0
0.0 0.0 0.0
0.0 0.0 0.0
0.0 0.0 0.0
0.0 0.0 0.0
0.0 0.0 0.0
0.0 0.0 0.0
0.0 0.0 0.0
0.0 0.0 0.0
0.0 0.0 0.0
0.0 0.0 0.0
0.0 0.0 0.0
0.0 0.0 0.0
0.0 0.0 0.0
0.0 0.0 0.0
0.0 0.0 0.0
0.0 0.0 0.0
0.0 0.0 0.0
0.0 0.0 0.0
0.0 0.0 15.15
0.0 0.0 53.03
0.0 0.0 65.15
0.0 0.0 69.7
0.0 0.0 69.7
0.0 0.0 69.7
0.0 0.0 71.21
0.0 0.0 71.21
0.0 0.0 69.7
0.0 0.0 72.73
0.0 0.0 69.7
0.0 0.0 69.7
0.0 0.0 71.21
0.0 0.0 71.21
0.0 0.0 69.7
0.0 0.0 71.21
0.0 0.0 71.21
0.0 0.0 71.21
0.0 0.0 69.7
0.0 0.0 71.21
0.0 0.0 69.7
0.0 0.0 71.21
0.0 6.06 71.21
0.0 46.97 69.7
0.0 63.64 69.7
0.0 68.18 72.73
0.0 71.21 69.7
0.0 69.7 69.7
0.0 71.21 72.73
0.0 69.7 69.7
0.0 71.21 72.73
0.0 69.7 69.7
0.0 71.21 69.7
0.0 69.7 72.73
0.0 69.7 69.7
0.0 71.21 71.21
0.0 71.21 71.21
0.0 69.7 69.7
0.0 71.21 71.21
0.0 71.21 71.21
0.0 69.7 69.7
0.0 69.7 71.21
0.0 71.21 71.21
0.0 69.7 71.21
0.0 71.21 71.21
0.0 69.7 69.7
0.0 69.7 72.73
0.0 69.7 69.7
0.0 74.24 72.73
0.0 68.18 69.7
0.0 69.7 69.7
0.0 69.7 71.21
0.0 69.7 71.21
0.0 69.7 69.7
0.0 71.21 71.21
0.0 71.21 71.21
0.0 69.7 69.7
0.0 72.73 71.21
0.0 69.7 71.21
0.0 69.7 69.7
0.0 71.21 69.7
7.58 71.21 72.73
46.97 69.7 69.7
63.64 71.21 71.21
69.7 71.21 71.21
72.73 69.7 69.7
69.7 71.21 71.21
72.73 71.21 71.21
72.73 69.7 69.7
72.73 72.73 71.21
71.21 69.7 71.21
72.73 71.21 69.7
71.21 71.21 71.21
72.73 69.7 71.21
72.73 72.73 72.73
71.21 69.7 69.7
72.73 69.7 69.7
71.21 69.7 69.7
72.73 69.7 72.73
72.73 71.21 69.7
72.73 69.7 72.73
72.73 71.21 69.7
72.73 69.7 69.7
71.21 69.7 72.73
72.73 71.21 69.7
72.73 69.7 71.21
71.21 69.7 71.21
72.73 69.7 69.7
72.73 69.7 71.21
72.73 72.73 71.21
72.73 69.7 69.7
72.73 69.7 72.73
72.73 69.7 69.7
72.73 69.7 69.7
72.73 71.21 72.73
72.73 71.21 69.7
72.73 69.7 71.21
72.73 69.7 71.21
72.73 72.73 69.7
72.73 71.21 72.73
72.73 69.7 69.7
71.21 69.7 69.7
72.73 71.21 71.21
72.73 69.7 71.21
71.21 72.73 69.7
72.73 69.7 71.21
72.73 71.21 71.21
72.73 71.21 69.7
72.73 69.7 71.21
72.73 71.21 71.21
72.73 71.21 69.7
72.73 69.7 72.73
71.21 71.21 69.7
71.21 71.21 69.7
72.73 69.7 72.73
72.73 71.21 69.7
72.73 71.21 71.21
72.73 69.7 71.21
72.73 71.21 69.7
72.73 71.21 71.21
72.73 69.7 71.21
72.73 69.7 69.7
72.73 71.21 72.73
72.73 71.21 69.7
72.73 69.7 72.73
71.21 69.7 69.7
72.73 71.21 69.7
72.73 71.21 72.73
72.73 69.7 69.7
71.21 71.21 69.7
72.73 69.7 72.73
72.73 71.21 69.7
72.73 69.7 71.21
72.73 71.21 71.21
72.73 69.7 69.7
72.73 71.21 71.21
72.73 69.7 71.21
72.73 69.7 69.7
72.73 69.7 71.21
72.73 71.21 71.21
72.73 71.21 69.7
72.73 69.7 71.21
72.73 71.21 71.21
72.73 71.21 69.7
72.73 69.7 71.21
72.73 72.73 69.7
72.73 69.7 69.7
71.21 71.21 71.21
72.73 71.21 71.21
72.73 71.21 71.21
71.21 69.7 69.7
72.73 71.21 71.21
74.24 72.73 71.21
71.21 69.7 69.7
72.73 69.7 71.21
72.73 69.7 69.7
72.73 71.21 72.73
72.73 71.21 69.7
72.73 69.7 69.7
71.21 72.73 72.73
72.73 69.7 69.7
72.73 69.7 72.73
72.73 71.21 69.7
71.21 71.21 71.21
72.73 69.7 71.21
72.73 69.7 69.7
72.73 71.21 72.73
72.73 69.7 69.7
72.73 71.21 69.7
72.73 69.7 72.73
72.73 71.21 69.7
72.73 71.21 71.21
71.21 69.7 71.21
72.73 69.7 69.7
74.24 72.73 72.73
71.21 69.7 69.7
75.76 72.73 72.73
69.7 66.67 69.7
71.21 72.73 69.7
74.24 69.7 71.21
71.21 69.7 71.21
72.73 71.21 69.7
72.73 71.21 71.21
72.73 69.7 71.21
72.73 71.21 69.7
72.73 71.21 71.21
72.73 69.7 71.21
71.21 71.21 69.7
72.73 71.21 71.21
71.21 69.7 69.7
72.73 71.21 69.7
72.73 71.21 71.21
72.73 71.21 71.21
72.73 71.21 69.7
72.73 69.7 72.73
72.73 71.21 69.7
72.73 71.21 69.7
72.73 71.21 72.73
72.73 71.21 69.7
72.73 71.21 72.73
71.21 69.7 69.7
71.21 69.7 69.7
74.24 71.21 71.21
71.21 69.7 71.21
72.73 71.21 69.7
72.73 71.21 72.73
72.73 69.7 69.7
72.73 71.21 71.21
72.73 71.21 71.21
72.73 69.7 69.7
72.73 69.7 72.73
72.73 69.7 69.7
72.73 71.21 71.21
72.73 69.7 71.21
72.73 69.7 69.7
72.73 71.21 72.73
72.73 69.7 69.7
72.73 71.21 71.21
72.73 69.7 71.21
72.73 69.7 69.7
72.73 71.21 71.21
72.73 69.7 71.21
72.73 71.21 69.7
72.73 71.21 71.21
72.73 71.21 71.21
72.73 69.7 69.7
71.21 71.21 72.73
72.73 69.7 69.7
72.73 69.7 71.21
71.21 72.73 71.21
72.73 69.7 69.7
72.73 71.21 71.21
72.73 71.21 71.21
72.73 69.7 69.7
72.73 71.21 71.21
72.73 71.21 71.21
72.73 71.21 69.7
72.73 71.21 72.73
72.73 69.7 69.7
72.73 71.21 69.7
71.21 71.21 72.73
72.73 69.7 69.7
72.73 71.21 71.21
72.73 71.21 71.21
71.21 69.7 69.7
72.73 71.21 72.73
72.73 69.7 69.7
72.73 71.21 71.21
72.73 69.7 71.21
72.73 72.73 71.21
72.73 69.7 69.7
72.73 69.7 71.21
72.73 71.21 71.21
72.73 69.7 71.21
72.73 71.21 69.7
72.73 69.7 72.73
72.73 69.7 69.7
72.73 71.21 69.7
75.76 74.24 75.76
69.7 66.67 66.67
72.73 71.21 71.21
72.73 71.21 71.21
72.73 69.7 69.7
72.73 71.21 72.73
71.21 71.21 69.7
74.24 69.7 69.7
71.21 71.21 72.73
72.73 71.21 69.7
72.73 69.7 71.21
72.73 71.21 71.21
72.73 69.7 69.7
71.21 69.7 71.21
72.73 69.7 71.21
75.76 72.73 72.73
71.21 71.21 69.7
71.21 69.7 69.7
72.73 71.21 69.7
72.73 69.7 72.73
72.73 72.73 69.7
72.73 69.7 71.21
72.73 71.21 71.21
72.73 71.21 69.7
72.73 69.7 71.21
72.73 71.21 71.21
72.73 71.21 69.7
72.73 69.7 72.73
72.73 71.21 69.7
72.73 69.7 71.21
72.73 71.21 71.21
72.73 69.7 69.7
72.73 69.7 72.73
72.73 71.21 69.7
72.73 69.7 71.21
72.73 71.21 71.21
72.73 69.7 69.7
72.73 69.7 71.21
72.73 69.7 71.21
72.73 69.7 69.7
72.73 71.21 72.73
72.73 71.21 71.21
72.73 69.7 69.7
72.73 69.7 71.21
72.73 69.7 69.7
72.73 69.7 72.73
75.76 71.21 72.73
69.7 68.18 66.67
72.73 71.21 72.73
72.73 69.7 69.7
72.73 69.7 71.21
72.73 69.7 71.21
72.73 71.21 69.7
72.73 71.21 71.21
72.73 69.7 71.21
71.21 69.7 69.7
72.73 72.73 71.21
72.73 69.7 71.21
71.21 71.21 69.7
74.24 71.21 71.21
71.21 69.7 71.21
72.73 71.21 69.7
72.73 71.21 72.73
72.73 69.7 69.7
72.73 71.21 71.21
72.73 71.21 71.21
72.73 71.21 71.21
72.73 69.7 71.21
72.73 71.21 69.7
72.73 69.7 71.21
72.73 71.21 71.21
72.73 71.21 69.7
71.21 69.7 71.21
72.73 69.7 71.21
72.73 69.7 69.7
72.73 71.21 72.73
72.73 71.21 69.7
71.21 69.7 71.21
75.76 71.21 71.21
71.21 68.18 69.7
71.21 69.7 72.73
74.24 71.21 69.7
72.73 69.7 71.21
72.73 71.21 71.21
72.73 69.7 69.7
71.21 69.7 71.21
72.73 69.7 71.21
72.73 71.21 69.7
72.73 69.7 71.21
72.73 71.21 71.21
72.73 69.7 69.7
72.73 69.7 72.73
72.73 69.7 69.7
72.73 71.21 71.21
72.73 69.7 71.21
72.73 71.21 69.7
72.73 69.7 71.21
72.73 71.21 71.21
72.73 71.21 69.7
72.73 69.7 71.21
72.73 71.21 71.21
72.73 71.21 69.7
71.21 69.7 72.73
72.73 71.21 69.7
72.73 71.21 69.7
72.73 69.7 72.73
72.73 72.73 69.7
72.73 69.7 69.7
71.21 69.7 72.73
72.73 71.21 69.7
72.73 71.21 72.73
72.73 69.7 69.7
72.73 71.21 71.21
72.73 71.21 71.21
72.73 69.7 69.7
72.73 71.21 71.21
74.24 71.21 71.21
71.21 68.18 71.21
72.73 71.21 71.21
72.73 69.7 69.7
72.73 69.7 71.21
72.73 69.7 71.21
72.73 69.7 71.21
74.24 71.21 71.21
71.21 71.21 69.7
72.73 69.7 72.73
72.73 69.7 69.7
72.73 69.7 69.7
72.73 71.21 71.21
72.73 69.7 69.7
72.73 69.7 71.21
72.73 71.21 69.7
72.73 69.7 69.7
72.73 69.7 72.73
72.73 71.21 69.7
72.73 69.7 71.21
72.73 69.7 71.21
72.73 71.21 69.7
72.73 69.7 71.21
72.73 69.7 71.21
72.73 71.21 69.7
72.73 71.21 72.73
72.73 69.7 69.7
72.73 72.73 72.73
72.73 69.7 69.7
72.73 71.21 69.7
72.73 71.21 71.21
72.73 69.7 71.21
72.73 71.21 69.7
72.73 71.21 71.21
72.73 69.7 71.21
72.73 71.21 69.7
72.73 71.21 71.21
72.73 69.7 69.7
72.73 71.21 71.21
72.73 71.21 71.21
72.73 69.7 69.7
72.73 71.21 72.73
72.73 69.7 69.7
72.73 71.21 72.73
72.73 69.7 69.7
72.73 69.7 69.7
72.73 69.7 72.73
72.73 71.21 69.7
72.73 69.7 71.21
72.73 69.7 71.21
75.76 72.73 72.73
69.7 68.18 68.18
72.73 69.7 71.21
72.73 71.21 71.21
72.73 69.7 71.21
72.73 69.7 69.7
72.73 71.21 71.21
72.73 69.7 71.21
75.76 72.73 72.73
69.7 66.67 69.7
72.73 71.21 69.7
72.73 69.7 71.21
72.73 71.21 71.21
72.73 69.7 69.7
72.73 69.7 71.21
72.73 69.7 71.21
72.73 71.21 69.7
71.21 71.21 71.21
72.73 69.7 71.21
74.24 72.73 72.73
71.21 69.7 69.7
72.73 69.7 69.7
71.21 71.21 69.7
71.21 71.21 72.73
74.24 69.7 69.7
74.24 71.21 72.73
71.21 71.21 69.7
72.73 69.7 69.7
72.73 71.21 72.73
74.24 71.21 69.7
71.21 69.7 71.21
71.21 69.7 71.21
74.24 71.21 69.7
71.21 71.21 71.21
72.73 69.7 71.21
72.73 71.21 71.21
71.21 71.21 71.21
74.24 69.7 69.7
72.73 71.21 72.73
72.73 69.7 69.7
72.73 69.7 72.73
72.73 71.21 69.7
72.73 69.7 69.7
71.21 69.7 72.73
72.73 69.7 69.7
72.73 69.7 71.21
72.73 71.21 71.21
72.73 71.21 69.7
72.73 69.7 71.21
72.73 69.7 71.21
72.73 71.21 72.73
72.73 68.18 69.7
71.21 71.21 69.7
74.24 71.21 72.73
71.21 69.7 69.7
72.73 69.7 69.7
72.73 69.7 72.73
72.73 71.21 69.7
72.73 69.7 69.7
72.73 69.7 72.73
72.73 71.21 69.7
72.73 69.7 71.21
72.73 71.21 71.21
72.73 71.21 69.7
72.73 69.7 71.21
71.21 72.73 71.21
72.73 69.7 69.7
72.73 69.7 71.21
72.73 71.21 71.21
72.73 71.21 69.7
72.73 69.7 72.73
72.73 71.21 69.7
72.73 71.21 72.73
72.73 69.7 69.7
72.73 71.21 69.7
74.24 71.21 72.73
71.21 68.18 69.7
74.24 71.21 71.21
72.73 69.7 71.21
72.73 69.7 69.7
72.73 69.7 72.73
72.73 71.21 69.7
72.73 69.7 71.21
72.73 71.21 71.21
71.21 69.7 69.7
72.73 69.7 72.73
72.73 69.7 69.7
72.73 69.7 71.21
72.73 71.21 69.7
72.73 69.7 69.7
74.24 71.21 72.73
72.73 69.7 71.21
71.21 71.21 69.7
74.24 69.7 71.21
71.21 71.21 69.7
72.73 69.7 71.21
72.73 71.21 71.21
72.73 71.21 69.7
72.73 69.7 71.21
72.73 71.21 71.21
74.24 71.21 72.73
71.21 69.7 69.7
72.73 69.7 69.7
72.73 69.7 71.21
72.73 72.73 71.21
72.73 69.7 69.7
72.73 71.21 72.73
72.73 71.21 69.7
72.73 69.7 69.7
72.73 71.21 72.73
72.73 71.21 69.7
72.73 71.21 71.21
74.24 69.7 71.21
72.73 71.21 69.7
71.21 69.7 71.21
74.24 71.21 71.21
72.73 71.21 69.7
71.21 69.7 72.73
72.73 71.21 69.7
71.21 71.21 72.73
72.73 69.7 69.7
74.24 71.21 71.21
72.73 69.7 71.21
72.73 71.21 69.7
72.73 69.7 72.73
72.73 69.7 69.7
72.73 69.7 71.21
72.73 69.7 71.21
71.21 71.21 69.7
72.73 69.7 72.73
72.73 71.21 69.7
72.73 69.7 71.21
72.73 69.7 71.21
71.21 69.7 69.7
74.24 69.7 72.73
72.73 71.21 69.7
72.73 72.73 72.73
71.21 68.18 69.7
71.21 69.7 69.7
72.73 69.7 71.21
72.73 71.21 71.21
72.73 69.7 69.7
72.73 71.21 72.73
71.21 69.7 69.7
72.73 71.21 69.7
72.73 71.21 72.73
72.73 69.7 69.7
72.73 72.73 71.21
72.73 69.7 71.21
72.73 69.7 69.7
74.24 72.73 72.73
71.21 69.7 69.7
72.73 71.21 69.7
72.73 71.21 72.73
72.73 69.7 69.7
72.73 71.21 71.21
72.73 71.21 71.21
72.73 69.7 71.21
72.73 71.21 71.21
72.73 71.21 69.7
72.73 69.7 71.21
72.73 69.7 71.21
74.24 71.21 69.7
71.21 69.7 72.73
72.73 69.7 69.7
72.73 71.21 71.21
72.73 69.7 71.21
72.73 69.7 71.21
72.73 69.7 71.21
72.73 71.21 69.7
72.73 69.7 72.73
72.73 71.21 69.7
72.73 69.7 71.21
74.24 69.7 71.21
71.21 69.7 69.7
74.24 71.21 72.73
71.21 69.7 69.7
72.73 71.21 71.21
72.73 69.7 71.21
72.73 69.7 69.7
72.73 69.7 71.21
72.73 71.21 71.21
72.73 71.21 69.7
72.73 69.7 72.73
72.73 71.21 69.7
72.73 71.21 71.21
72.73 69.7 71.21
72.73 71.21 69.7
72.73 71.21 71.21
72.73 69.7 71.21
72.73 72.73 69.7
72.73 69.7 72.73
72.73 71.21 69.7
72.73 71.21 71.21
72.73 69.7 71.21
72.73 69.7 69.7
72.73 72.73 71.21
72.73 69.7 71.21
72.73 71.21 69.7
72.73 69.7 72.73
72.73 71.21 71.21
72.73 69.7 71.21
72.73 69.7 69.7
72.73 71.21 71.21
72.73 69.7 71.21
72.73 71.21 69.7
72.73 69.7 72.73
72.73 71.21 69.7
72.73 71.21 71.21
72.73 69.7 71.21
72.73 69.7 69.7
72.73 71.21 72.73
72.73 71.21 69.7
72.73 69.7 71.21
72.73 69.7 71.21
72.73 69.7 69.7
72.73 71.21 72.73
72.73 69.7 69.7
72.73 71.21 71.21
72.73 69.7 71.21
72.73 69.7 69.7
72.73 71.21 72.73
72.73 69.7 69.7
72.73 69.7 69.7
72.73 71.21 71.21
72.73 69.7 71.21
72.73 69.7 71.21
72.73 69.7 69.7
71.21 71.21 69.7
74.24 71.21 72.73
71.21 69.7 69.7
74.24 69.7 72.73
72.73 69.7 69.7
72.73 71.21 69.7
72.73 71.21 72.73
72.73 71.21 69.7
72.73 71.21 71.21
72.73 69.7 71.21
72.73 69.7 69.7
69.7 69.7 69.7
30.3 27.27 27.27
6.06 4.55 4.55
0.0 0.0 1.52
0.0 0.0 0.0
-3.03 0.0 0.0
0.0 0.0 0.0
0.0 0.0 0.0
0.0 0.0 0.0
0.0 0.0 0.0
0.0 0.0 0.0
0.0 0.0 0.0
0.0 0.0 0.0
0.0 0.0 0.0
0.0 0.0 0.0
0.0 0.0 0.0
0.0 0.0 0.0
0.0 0.0 0.0
0.0 0.0 0.0
0.0 0.0 0.0
0.0 0.0 0.0
0.0 0.0 0.0
0.0 0.0 0.0
0.0 0.0 0.0
0.0 0.0 0.0
0.0 0.0 0.0
0.0 0.0 0.0
0.0 0.0 0.0
0.0 0.0 0.0
0.0 0.0 0.0
0.0 0.0 0.0
0.0 0.0 0.0
0.0 0.0 0.0
0.0 0.0 0.0
0.0 0.0 0.0
0.0 0.0 0.0
0.0 0.0 0.0
0.0 0.0 0.0
0.0 0.0 0.0
0.0 0.0 0.0
0.0 0.0 0.0
0.0 0.0 0.0
0.0 0.0 0.0
0.0 0.0 0.0
0.0 0.0 0.0
0.0 0.0 0.0
0.0 0.0 0.0
0.0 0.0 0.0
0.0 0.0 0.0
0.0 0.0 0.0
0.0 0.0 0.0
0.0 0.0 0.0
0.0 0.0 0.0
0.0 0.0 0.0
0.0 0.0 0.0
0.0 0.0 0.0
0.0 0.0 0.0
0.0 0.0 0.0
0.0 0.0 0.0
0.0 0.0 0.0
0.0 0.0 0.0
0.0 0.0 0.0
0.0 0.0 0.0
0.0 0.0 0.0
