0.0 0.0 0.0
0.0 0.0 0.0
0.0 0.0 0.0
0.0 0.0 0.0
0.0 0.0 0.0
0.0 0.0 0.0
0.0 0.0 0.0
0.0 0.0 0.0
0.0 0.0 0.0
0.0 0.0 0.0
0.0 0.0 0.0
0.0 0.0 0.0
0.0 0.0 0.0
0.0 0.0 0.0
0.0 0.0 0.0
3.03 0.0 0.0
15.76 0.0 0.0
27.27 0.0 0.0
36.36 0.0 0.0
43.64 0.0 0.0
49.7 0.0 0.0
54.55 0.0 0.0
58.79 0.0 0.0
61.82 0.0 0.0
64.24 0.0 0.0
66.06 0.0 0.0
67.27 0.0 0.0
68.48 0.0 0.0
69.7 0.0 0.0
70.3 0.0 0.0
70.91 0.0 0.0
71.52 0.0 0.0
72.12 0.0 0.0
72.12 0.0 0.0
72.73 0.0 0.0
72.73 0.0 0.0
72.73 0.0 0.0
73.33 0.0 0.0
73.33 0.0 0.0
73.33 0.0 0.0
73.33 0.0 0.0
73.33 0.0 0.0
73.33 0.0 0.0
73.33 0.0 0.0
73.33 0.0 0.0
73.33 0.0 0.0
73.94 0.0 0.0
73.33 0.0 0.0
73.33 0.0 0.0
73.33 0.0 0.0
73.33 0.0 0.0
73.33 0.0 0.0
73.33 0.0 0.0
73.33 0.0 0.0
73.33 0.0 0.0
73.94 0.0 0.0
73.94 0.0 0.0
73.94 0.0 0.0
73.94 0.0 0.0
73.94 0.0 0.0
73.94 0.0 0.0
73.94 0.0 0.0
73.94 0.0 0.0
73.94 0.0 0.0
73.94 0.0 0.0
73.94 0.0 0.0
73.94 0.0 0.0
73.94 0.0 0.0
73.94 0.0 0.0
73.94 0.0 0.0
73.94 0.0 0.0
73.94 0.0 0.0
73.94 0.0 0.0
73.94 0.0 0.0
73.94 0.0 0.0
73.94 0.0 0.0
73.94 0.0 0.0
73.94 0.0 0.0
73.94 0.0 0.0
73.94 0.0 0.0
73.94 0.0 0.0
73.94 0.0 0.0
73.94 0.0 0.0
73.94 0.0 0.0
73.94 0.0 0.0
73.94 0.0 0.0
73.94 0.0 0.0
73.94 0.0 0.0
73.94 0.0 0.0
73.94 0.0 0.0
73.94 0.0 0.0
73.94 0.0 0.0
73.94 0.0 0.0
73.94 0.0 0.0
73.94 0.0 0.0
73.94 0.0 0.0
73.94 0.0 0.0
73.94 0.0 0.0
73.94 0.0 0.0
73.94 0.0 0.0
73.94 0.0 0.0
73.94 0.0 0.0
73.94 0.0 0.0
73.94 0.0 0.0
73.94 0.0 0.0
73.94 0.0 0.0
73.94 0.0 0.0
73.94 0.0 0.0
73.94 0.0 0.0
73.94 0.0 0.0
73.94 0.0 0.0
73.94 0.0 0.0
73.94 0.0 0.0
73.94 0.0 0.61
73.94 0.0 12.73
73.94 0.0 24.24
73.94 0.0 33.94
73.94 0.0 41.21
73.94 0.0 47.27
73.94 0.0 52.12
73.94 0.0 55.76
73.94 0.0 58.79
73.94 0.0 61.21
73.94 0.0 63.64
73.94 0.0 64.85
73.94 8.48 66.06
73.94 20.61 67.27
73.94 30.91 68.48
73.94 38.79 69.09
73.94 44.85 69.09
73.94 50.3 69.7
73.94 54.55 70.3
73.94 57.58 70.3
73.94 60.0 70.91
73.94 62.42 70.91
73.94 64.24 70.91
73.94 65.45 70.91
73.94 66.67 70.91
73.94 67.27 70.91
73.94 67.88 71.52
73.94 68.48 71.52
73.94 69.09 71.52
73.94 69.7 71.52
73.94 69.7 71.52
73.94 70.3 71.52
73.94 70.3 71.52
73.94 70.3 71.52
73.94 70.3 71.52
73.94 70.3 71.52
73.94 70.91 71.52
73.94 70.91 71.52
73.94 70.91 71.52
73.94 70.91 71.52
73.94 70.91 71.52
73.94 70.91 71.52
73.94 70.91 71.52
73.94 70.91 71.52
73.94 70.91 71.52
73.94 70.91 71.52
73.94 70.91 71.52
73.94 70.91 71.52
73.94 70.91 71.52
73.94 70.91 71.52
73.94 70.91 71.52
73.94 70.91 71.52
73.94 70.91 71.52
73.94 70.91 71.52
73.94 70.91 71.52
73.94 70.91 71.52
73.94 70.91 71.52
73.94 70.91 71.52
73.94 70.91 71.52
73.94 70.91 71.52
73.94 70.91 71.52
73.94 70.91 71.52
73.94 70.91 71.52
73.94 70.91 71.52
73.94 70.91 71.52
73.94 70.91 71.52
73.94 70.91 71.52
73.94 70.91 71.52
73.94 70.91 71.52
73.33 70.91 71.52
73.94 70.91 71.52
73.94 70.91 71.52
73.94 70.91 71.52
73.94 70.91 71.52
73.94 70.91 71.52
73.94 70.91 71.52
73.94 70.91 71.52
73.94 70.91 71.52
73.94 70.91 71.52
73.94 70.91 71.52
73.94 71.52 71.52
73.94 70.91 71.52
73.94 70.91 71.52
73.94 70.91 71.52
73.94 70.91 71.52
73.94 70.91 71.52
73.94 70.91 71.52
73.33 70.91 71.52
73.94 70.91 71.52
73.94 70.91 71.52
73.94 70.91 71.52
73.94 70.91 71.52
73.94 70.91 71.52
73.94 70.91 71.52
73.94 70.91 71.52
73.94 70.91 71.52
73.94 70.91 71.52
73.94 70.91 71.52
73.94 70.91 71.52
73.94 70.91 71.52
73.94 70.91 71.52
73.94 70.91 71.52
73.94 70.91 71.52
73.94 70.91 71.52
73.94 70.91 71.52
73.94 70.91 71.52
73.94 70.91 71.52
73.94 70.91 71.52
73.94 70.91 71.52
73.94 70.91 71.52
73.94 70.91 71.52
73.94 70.91 71.52
73.94 70.91 71.52
73.94 70.91 71.52
73.94 70.91 71.52
73.94 70.91 71.52
73.94 70.91 71.52
73.94 70.91 71.52
73.94 70.91 71.52
73.94 70.91 71.52
73.94 70.91 71.52
73.94 70.91 71.52
73.94 70.91 71.52
73.94 70.91 71.52
73.94 70.91 71.52
73.94 70.91 71.52
73.94 70.91 71.52
73.94 70.91 71.52
73.94 70.91 71.52
73.94 71.52 71.52
73.94 71.52 71.52
73.94 71.52 71.52
73.94 71.52 71.52
73.94 71.52 71.52
73.94 70.91 71.52
73.94 70.91 71.52
73.94 70.91 71.52
73.94 70.91 71.52
73.94 70.91 71.52
73.94 70.91 71.52
73.94 70.91 71.52
73.94 70.91 71.52
73.94 70.91 71.52
73.94 70.91 71.52
73.94 70.91 71.52
73.94 70.91 71.52
73.94 70.91 71.52
73.94 70.91 71.52
73.94 70.91 71.52
73.94 70.91 71.52
73.94 70.91 71.52
73.94 70.91 71.52
73.94 70.91 71.52
73.94 70.91 71.52
73.94 70.91 71.52
73.94 70.91 71.52
73.94 70.91 71.52
73.94 70.91 71.52
73.94 70.91 71.52
73.94 70.91 71.52
73.94 70.91 71.52
73.94 70.91 71.52
73.94 70.91 71.52
73.94 70.91 71.52
73.94 71.52 71.52
73.94 71.52 71.52
73.94 71.52 71.52
73.94 70.91 71.52
73.94 70.91 71.52
73.94 70.91 71.52
73.94 70.91 71.52
73.94 70.91 71.52
73.94 70.91 71.52
73.94 70.91 71.52
73.94 70.91 71.52
73.94 70.91 71.52
73.94 70.91 71.52
73.94 70.91 71.52
73.94 70.91 71.52
73.94 70.91 71.52
73.94 71.52 71.52
73.94 71.52 71.52
73.94 71.52 71.52
73.94 71.52 71.52
73.94 71.52 71.52
73.94 71.52 71.52
73.94 70.91 71.52
73.94 70.91 71.52
73.94 70.91 71.52
73.94 70.91 71.52
73.94 70.91 71.52
73.94 70.91 71.52
73.94 70.91 71.52
73.94 70.91 71.52
73.94 70.91 71.52
73.94 70.91 71.52
73.94 70.91 71.52
73.94 70.91 71.52
73.94 70.91 71.52
73.94 70.91 71.52
73.94 70.91 71.52
73.94 70.91 71.52
73.94 70.91 71.52
73.94 70.91 71.52
73.33 70.91 71.52
73.94 70.91 71.52
73.94 70.91 71.52
73.94 70.91 71.52
73.94 70.91 71.52
73.94 70.91 71.52
73.94 70.91 71.52
73.94 70.91 71.52
73.94 70.91 71.52
73.94 70.91 71.52
73.94 71.52 71.52
73.94 71.52 71.52
78.18 71.52 71.52
83.03 71.52 71.52
87.27 70.91 71.52
90.3 70.91 71.52
92.73 70.91 71.52
95.15 70.91 71.52
96.97 70.91 71.52
98.18 70.91 71.52
99.39 70.91 71.52
100.0 70.91 71.52
100.61 70.91 71.52
101.82 71.52 72.12
101.82 70.91 71.52
102.42 70.91 71.52
102.42 70.91 71.52
102.42 71.52 71.52
103.03 71.52 71.52
103.03 71.52 71.52
103.03 71.52 71.52
103.03 71.52 71.52
103.03 71.52 71.52
103.03 70.91 71.52
103.64 70.91 71.52
103.64 70.91 71.52
103.64 70.91 73.94
103.64 70.91 79.39
103.64 70.91 83.64
103.64 70.91 87.27
103.64 70.91 90.3
103.64 70.91 92.12
103.64 71.52 93.94
103.64 71.52 95.76
103.64 71.52 96.97
103.64 71.52 97.58
103.64 71.52 98.18
103.64 71.52 98.79
103.64 71.52 99.39
103.64 71.52 100.0
103.64 71.52 100.0
103.64 71.52 100.0
103.64 70.91 100.61
103.64 70.91 100.61
103.64 70.91 100.61
103.64 70.91 100.61
103.64 70.91 100.61
103.64 71.52 100.61
103.64 71.52 101.21
103.64 71.52 101.21
103.64 71.52 101.21
103.64 71.52 101.21
103.64 71.52 101.21
103.64 71.52 101.21
103.64 71.52 101.21
103.64 71.52 101.21
104.24 71.52 101.82
103.64 70.91 101.21
103.64 70.91 101.21
103.64 70.91 101.21
103.64 71.52 101.21
103.64 70.91 101.21
103.64 70.91 101.21
103.64 70.91 101.21
103.64 71.52 101.21
103.64 71.52 101.21
103.64 71.52 101.21
103.64 71.52 101.21
103.64 71.52 101.21
103.64 71.52 101.21
103.64 71.52 101.21
103.64 71.52 101.21
103.64 71.52 101.21
103.64 71.52 101.21
103.64 70.91 101.21
103.64 70.91 101.21
103.64 70.91 101.21
103.64 70.91 101.21
103.64 70.91 101.21
103.64 71.52 101.21
103.64 76.36 101.21
103.64 81.21 101.21
103.64 84.85 101.21
103.64 88.48 101.21
103.64 90.91 101.21
103.64 92.73 101.21
103.64 93.94 101.21
103.64 95.15 101.21
103.64 96.36 101.21
103.64 96.97 101.21
103.64 98.18 101.21
103.64 98.18 101.21
103.64 98.79 101.21
103.64 99.39 101.21
103.64 99.39 101.21
103.64 100.0 101.21
103.64 100.0 101.21
103.64 100.0 101.21
103.64 100.0 101.21
103.64 100.0 101.21
103.64 100.0 101.21
103.64 100.0 101.21
103.64 100.0 101.21
104.24 100.61 101.21
103.64 100.61 101.21
103.64 100.61 101.21
103.64 100.61 101.21
103.64 100.61 101.21
103.64 100.61 101.21
103.64 100.61 101.21
103.64 100.61 101.21
103.64 100.61 101.21
103.64 100.61 101.21
103.64 100.61 101.21
103.64 100.61 101.21
103.64 100.61 101.21
103.64 100.61 101.21
103.64 100.61 101.21
103.64 100.61 101.21
103.64 100.61 101.21
103.64 100.61 101.21
103.64 100.61 101.21
103.64 100.61 101.21
103.64 100.61 101.21
103.64 100.61 101.21
103.64 100.61 101.21
103.64 100.61 101.21
103.64 100.61 101.21
103.64 100.61 101.21
103.64 100.61 101.21
103.64 100.61 101.21
103.64 100.61 101.21
103.64 100.61 101.21
103.64 100.61 101.21
103.64 100.61 101.21
103.64 100.61 101.21
103.64 100.61 101.21
103.64 100.61 101.21
103.64 100.61 101.21
103.64 100.61 101.21
103.64 100.61 101.21
103.64 100.61 101.21
103.64 100.61 101.21
103.64 100.61 101.21
103.64 100.61 101.21
103.64 100.61 101.21
104.24 101.21 101.82
103.64 100.61 101.21
103.64 100.61 101.21
103.64 100.61 101.21
103.64 100.61 101.21
103.64 100.61 101.21
103.64 100.61 101.21
103.64 100.61 101.21
103.64 100.61 101.21
103.64 100.61 101.21
103.64 100.61 101.21
103.64 100.61 101.21
103.64 100.61 101.21
103.64 100.61 101.21
103.64 100.61 101.21
103.64 100.61 101.21
103.64 100.61 101.21
103.64 100.61 101.21
103.64 100.61 101.21
103.64 100.61 101.21
103.64 100.61 101.21
103.64 100.61 101.21
103.64 100.61 101.21
103.64 100.61 101.21
103.64 100.61 101.21
103.64 100.61 101.21
103.64 100.61 101.21
103.64 100.61 101.21
103.64 100.61 101.21
103.64 100.61 101.21
103.64 100.61 101.21
103.64 100.61 101.21
103.64 100.61 101.21
103.64 100.61 101.21
103.64 100.61 101.21
103.64 101.21 101.82
103.64 100.61 101.21
103.64 100.61 101.21
103.64 100.61 101.21
103.64 100.61 101.21
103.64 100.61 101.21
103.64 100.61 101.21
103.64 100.61 101.21
103.64 100.61 101.21
103.64 100.61 101.21
103.64 100.61 101.21
103.64 100.61 101.21
103.64 100.61 101.21
103.64 100.61 101.21
103.64 100.61 101.21
103.64 100.61 101.21
103.64 100.61 101.21
103.64 100.61 101.21
103.64 100.61 101.21
103.64 100.61 101.21
103.64 100.61 101.21
103.64 100.61 101.21
103.64 100.61 101.21
103.64 100.61 101.21
103.64 100.61 101.21
103.64 100.61 101.21
103.64 100.61 101.21
103.64 100.61 101.21
103.64 100.61 101.21
103.64 100.61 101.21
103.64 100.61 101.21
103.64 100.61 101.21
103.64 100.61 101.21
103.64 100.61 101.21
103.64 100.61 101.21
103.64 100.61 101.21
103.64 100.61 101.21
103.64 100.61 101.21
103.64 100.61 101.21
103.64 100.61 101.82
103.64 100.61 101.21
103.64 100.61 101.21
103.64 100.61 101.21
103.64 100.61 101.21
103.64 100.61 101.21
103.64 100.61 101.21
103.64 100.61 101.21
103.64 100.61 101.21
103.64 100.61 101.21
103.64 100.61 101.21
103.64 100.61 101.21
103.64 100.61 101.21
103.64 100.61 101.21
103.64 100.61 101.21
103.64 100.61 101.82
103.64 100.61 101.21
103.64 100.61 101.82
103.64 100.61 101.82
103.64 100.61 101.21
103.64 100.61 101.21
103.64 100.61 101.21
103.64 100.61 101.21
103.64 100.61 101.21
103.64 100.61 101.21
103.64 100.61 101.21
103.64 100.61 101.21
103.64 100.61 101.21
103.64 100.61 101.21
103.64 100.61 101.21
103.64 100.61 101.21
103.64 100.61 101.21
103.64 100.61 101.21
103.64 100.61 101.21
103.64 100.61 101.21
103.64 100.61 101.21
103.64 100.61 101.21
103.64 100.61 101.21
103.64 100.61 101.21
103.64 100.61 101.21
103.64 100.61 101.21
103.64 100.61 101.21
103.64 100.61 101.21
103.64 100.61 101.21
103.64 100.61 101.21
103.64 100.61 101.82
103.64 100.61 101.21
103.64 100.61 101.21
100.0 100.61 101.21
64.85 100.61 101.82
30.91 100.61 101.21
3.64 100.61 101.21
-18.18 100.61 101.21
-35.76 100.61 101.21
-49.7 100.61 101.21
-61.21 100.61 101.21
-70.3 100.61 101.21
-77.58 100.61 101.21
-83.03 100.61 101.21
-87.88 100.61 101.21
-91.52 100.61 101.82
-94.55 100.61 101.21
-96.97 100.61 101.21
-98.79 100.61 101.21
-100.0 100.61 101.21
-101.21 100.61 101.21
-102.42 100.61 101.21
-103.03 100.61 101.21
-103.64 100.61 101.21
-104.24 100.61 101.21
-104.85 100.61 101.82
-104.85 100.61 101.21
-105.45 100.61 101.21
-105.45 100.61 101.21
-105.45 100.61 101.21
-106.06 100.61 101.21
-106.06 100.61 101.21
-106.06 101.21 101.21
-106.06 100.61 101.21
-106.06 100.61 101.21
-106.06 100.61 101.21
-106.06 100.61 101.21
-106.06 100.61 101.21
-106.06 100.61 101.21
-106.06 100.61 101.21
-106.06 100.61 101.21
-106.06 100.61 101.21
-106.06 100.61 101.21
-106.06 100.61 101.21
-106.06 73.33 101.21
-106.06 38.79 101.21
-106.06 9.7 101.21
-106.67 -12.73 101.82
-106.06 -30.91 101.21
-106.06 -45.45 101.21
-106.06 -56.97 101.21
-106.06 -66.67 101.21
-106.06 -74.55 101.21
-106.06 -80.61 101.21
-106.06 -85.45 101.21
-106.06 -89.09 101.21
-106.06 -92.12 101.21
-106.06 -94.55 101.21
-106.06 -96.36 101.21
-106.06 -98.18 101.21
-106.06 -99.39 101.21
-106.06 -100.0 101.21
-106.06 -101.21 101.82
-106.67 -101.82 101.82
-106.67 -102.42 101.82
-106.67 -103.03 101.82
-106.67 -103.03 101.82
-106.67 -103.03 101.82
-106.67 -103.64 101.82
-106.67 -103.64 101.82
-106.67 -103.64 101.82
-106.67 -103.64 101.82
-106.67 -104.24 99.39
-106.67 -104.24 64.85
-106.67 -104.24 31.52
-106.67 -104.24 4.24
-106.67 -104.24 -16.97
-106.67 -104.24 -33.94
-106.67 -104.24 -47.88
-106.67 -104.24 -59.39
-106.67 -104.24 -67.88
-106.67 -104.24 -75.15
-106.67 -104.24 -81.21
-106.67 -104.24 -85.45
-106.67 -104.24 -89.09
-106.67 -104.24 -92.12
-106.67 -104.24 -94.55
-106.67 -104.24 -96.36
-106.67 -104.85 -98.18
-106.67 -104.24 -99.39
-106.67 -104.24 -100.0
-106.67 -104.24 -100.61
-106.67 -104.24 -101.21
-106.67 -104.24 -101.82
-106.67 -104.24 -102.42
-106.67 -104.24 -102.42
-106.67 -104.24 -103.03
-106.67 -104.24 -103.03
-106.67 -104.24 -103.03
-106.67 -104.24 -103.64
-106.67 -104.24 -103.64
-106.67 -104.24 -103.64
-106.67 -104.24 -103.64
-106.67 -104.24 -103.64
-106.67 -104.24 -103.64
-106.67 -104.24 -103.64
-106.67 -104.24 -103.64
-106.67 -104.24 -103.64
-106.67 -104.24 -103.64
-106.67 -104.24 -103.64
-106.67 -104.24 -103.64
-106.67 -104.24 -103.64
-106.67 -104.24 -103.64
-106.67 -104.24 -103.64
-106.67 -104.24 -103.64
-106.67 -104.24 -104.24
-106.67 -104.24 -104.24
-106.67 -104.24 -103.64
-106.67 -104.24 -103.64
-106.67 -104.24 -103.64
-106.67 -104.24 -103.64
-106.67 -104.85 -104.24
-106.67 -104.85 -103.64
-106.67 -104.85 -104.24
-106.67 -104.85 -104.24
-106.67 -104.85 -104.24
-106.67 -104.24 -103.64
-106.67 -104.85 -104.24
-106.67 -104.24 -103.64
-106.67 -104.24 -103.64
-106.67 -104.24 -103.64
-106.67 -104.24 -103.64
-106.67 -104.85 -103.64
-106.67 -104.85 -103.64
-106.67 -104.24 -103.64
-106.67 -104.24 -103.64
-106.67 -104.24 -103.64
-106.67 -104.24 -103.64
-106.67 -104.24 -103.64
-106.67 -104.24 -103.64
-106.67 -104.24 -103.64
-106.67 -104.24 -103.64
-106.67 -104.24 -103.64
-106.67 -104.24 -103.64
-106.67 -104.85 -103.64
-106.67 -104.85 -103.64
-106.67 -104.85 -103.64
-106.67 -104.85 -103.64
-106.67 -104.85 -103.64
-106.67 -104.24 -103.64
-106.67 -104.24 -103.64
-106.67 -104.24 -103.64
-106.67 -104.24 -103.64
-106.67 -104.85 -103.64
-106.67 -104.85 -103.64
-106.67 -104.85 -103.64
-106.67 -104.85 -103.64
-106.67 -104.85 -103.64
-106.67 -104.85 -104.24
-106.67 -104.85 -103.64
-106.67 -104.85 -103.64
-106.67 -104.85 -103.64
-106.67 -104.24 -103.64
-106.67 -104.24 -103.64
-106.67 -104.24 -103.64
-106.67 -104.85 -104.24
-106.67 -104.85 -104.24
-106.67 -104.85 -103.64
-106.67 -104.85 -103.64
-106.67 -104.85 -103.64
-106.67 -104.85 -103.64
-106.67 -104.85 -103.64
-106.67 -104.85 -103.64
-106.67 -104.85 -103.64
-106.67 -104.85 -103.64
-106.67 -104.85 -103.64
-106.67 -104.24 -103.64
-106.67 -104.85 -103.64
-106.67 -104.85 -103.64
-106.67 -104.85 -103.64
-106.67 -104.85 -103.64
-106.67 -104.85 -103.64
-106.67 -104.85 -103.64
-106.67 -104.85 -103.64
-106.67 -104.85 -103.64
-106.67 -104.85 -104.24
-106.67 -104.85 -103.64
-106.67 -104.85 -104.24
-106.67 -104.24 -104.24
-106.67 -104.85 -104.24
-106.67 -104.85 -104.24
-106.67 -104.85 -104.24
-106.67 -104.85 -104.24
-106.67 -104.85 -104.24
-106.67 -104.85 -104.24
-106.67 -104.85 -104.24
-106.67 -104.85 -104.24
-106.67 -104.85 -104.24
-106.67 -104.85 -104.24
-106.67 -104.85 -104.24
-106.67 -104.85 -104.24
-106.67 -104.85 -104.24
-106.67 -104.85 -104.24
-106.67 -104.85 -104.24
-106.67 -104.85 -104.24
-106.67 -104.85 -104.24
-106.67 -104.85 -104.24
-106.67 -104.24 -104.24
-106.67 -104.24 -104.24
-106.67 -104.24 -104.24
-106.67 -104.24 -104.24
-106.67 -104.85 -104.24
-106.67 -104.85 -104.24
-106.67 -104.85 -104.24
-106.67 -104.85 -103.64
-106.67 -104.85 -103.64
-106.67 -104.85 -103.64
-106.67 -104.85 -104.24
-106.67 -104.24 -103.64
-106.67 -104.24 -103.64
-106.67 -104.85 -103.64
-106.67 -104.24 -103.64
-106.67 -104.85 -103.64
-106.67 -104.85 -103.64
-106.67 -104.85 -103.64
-106.67 -104.85 -103.64
-106.67 -104.85 -103.64
-106.67 -104.85 -103.64
-106.67 -104.85 -103.64
-106.67 -104.85 -103.64
-106.67 -104.85 -103.64
-106.67 -104.85 -103.64
-106.67 -104.85 -103.64
-106.67 -104.85 -103.64
-106.67 -104.85 -104.24
-106.67 -104.85 -104.24
-106.67 -104.85 -103.64
-106.67 -104.85 -103.64
-106.67 -104.85 -103.64
-106.67 -104.85 -103.64
-106.67 -104.24 -103.64
-106.67 -104.24 -104.24
-106.67 -104.24 -103.64
-106.67 -104.24 -103.64
-106.67 -104.24 -103.64
-106.67 -104.24 -103.64
-106.67 -104.24 -104.24
-106.67 -104.24 -104.24
-106.67 -104.85 -103.64
-106.67 -104.85 -103.64
-106.67 -104.85 -103.64
-106.67 -104.85 -103.64
-106.67 -104.85 -103.64
-106.67 -104.24 -103.64
-106.67 -104.85 -104.24
-106.67 -104.85 -104.24
-106.67 -104.85 -104.24
-106.67 -104.85 -104.24
-107.27 -104.85 -104.24
-106.67 -104.85 -104.24
-107.27 -105.45 -104.24
-106.67 -104.85 -103.64
-106.67 -104.24 -103.64
-106.67 -104.24 -103.64
-106.67 -104.24 -103.64
-106.67 -104.24 -103.64
-106.67 -104.24 -103.64
-106.67 -104.85 -103.64
-106.67 -104.85 -103.64
-106.67 -104.85 -103.64
-106.67 -104.85 -103.64
-106.67 -104.85 -103.64
-106.67 -104.85 -103.64
-106.67 -104.85 -103.64
-106.67 -104.85 -103.64
-106.67 -104.85 -103.64
-106.67 -104.85 -103.64
-106.67 -104.85 -103.64
-106.67 -104.85 -103.64
-106.67 -104.85 -103.64
-106.67 -104.85 -103.64
-106.67 -104.85 -104.24
-106.67 -104.85 -103.64
-106.67 -104.85 -103.64
-106.67 -104.85 -103.64
-106.67 -104.85 -104.24
-106.67 -104.85 -103.64
-106.67 -104.85 -104.24
-106.67 -104.85 -103.64
-106.67 -104.85 -104.24
-106.67 -104.85 -103.64
-106.67 -104.85 -103.64
-106.67 -104.85 -103.64
-106.67 -104.85 -103.64
-106.67 -104.85 -103.64
-106.67 -104.85 -103.64
-106.67 -104.85 -103.64
-106.67 -104.85 -103.64
-106.67 -104.85 -103.64
-106.67 -104.85 -104.24
-106.67 -104.85 -104.24
-106.67 -104.85 -104.24
-106.67 -104.85 -104.24
-106.67 -104.85 -104.24
-106.67 -104.85 -104.24
-106.67 -104.85 -104.24
-106.67 -104.85 -104.24
-107.27 -104.85 -104.24
-106.67 -104.85 -104.24
-106.67 -104.85 -103.64
-106.67 -104.85 -104.24
-106.67 -104.85 -104.24
-106.67 -104.85 -104.24
-106.67 -104.85 -104.24
-106.67 -104.85 -104.24
-106.67 -104.85 -104.24
-106.67 -104.85 -104.24
-106.67 -104.85 -104.24
-106.67 -104.85 -104.24
-106.67 -104.85 -104.24
-106.67 -104.85 -104.24
-106.67 -104.85 -104.24
-106.67 -104.85 -104.24
-106.67 -104.85 -104.24
-106.67 -104.85 -104.24
-106.67 -104.85 -104.24
-106.67 -104.85 -104.24
-106.67 -104.85 -104.24
-106.67 -104.85 -104.24
-106.67 -104.85 -104.24
-106.67 -104.85 -104.24
-106.67 -104.85 -104.24
-106.67 -104.85 -104.24
-106.67 -104.24 -104.24
-106.67 -104.85 -104.24
-106.67 -104.85 -104.24
-106.67 -104.85 -104.24
-106.67 -104.85 -104.24
-106.67 -104.85 -104.24
-105.45 -104.85 -104.24
-73.33 -104.85 -103.64
-38.18 -104.85 -103.64
-10.3 -104.85 -103.64
12.12 -104.85 -103.64
30.91 -104.85 -103.64
44.85 -104.85 -104.24
56.97 -104.85 -104.24
66.06 -104.85 -104.24
73.33 -104.85 -104.24
79.39 -104.85 -104.24
84.24 -104.85 -104.24
87.88 -104.85 -103.64
91.52 -104.85 -103.64
93.94 -104.85 -104.24
95.76 -104.85 -103.64
96.97 -104.85 -104.24
98.79 -104.85 -104.24
99.39 -104.85 -104.24
100.61 -104.85 -104.24
101.21 -104.85 -104.24
101.82 -104.85 -104.24
101.82 -104.85 -104.24
101.82 -104.85 -104.24
102.42 -104.85 -104.24
103.03 -104.85 -104.24
103.03 -104.85 -104.24
103.03 -104.85 -104.24
103.03 -104.85 -104.24
103.03 -104.85 -104.24
103.03 -104.85 -104.24
103.03 -104.85 -104.24
103.03 -104.85 -104.24
103.64 -104.85 -104.24
103.64 -104.85 -104.24
103.64 -104.85 -104.24
103.64 -104.85 -104.24
103.64 -104.85 -104.24
103.64 -104.85 -104.24
103.64 -104.85 -104.24
103.64 -104.85 -104.24
103.64 -104.85 -104.24
103.64 -104.85 -104.24
103.64 -104.85 -104.24
103.64 -104.85 -104.24
103.64 -104.85 -104.24
103.64 -104.85 -104.24
103.64 -104.85 -104.24
103.64 -104.85 -104.24
103.64 -104.85 -104.24
103.64 -104.24 -104.24
103.64 -104.85 -104.24
103.64 -104.24 -104.24
103.64 -104.85 -104.24
103.64 -104.85 -104.24
103.64 -104.85 -104.24
103.64 -104.85 -104.24
103.64 -104.85 -104.24
103.64 -104.85 -104.24
103.64 -104.85 -104.24
103.64 -104.85 -104.24
103.64 -104.85 -104.24
103.64 -104.85 -104.24
103.64 -104.85 -104.24
103.64 -104.85 -104.24
103.64 -104.85 -104.24
103.64 -104.85 -103.64
103.64 -104.85 -104.24
103.64 -104.85 -103.64
103.64 -104.85 -103.64
103.64 -104.85 -103.64
103.64 -104.85 -103.64
103.64 -104.85 -103.64
103.64 -104.85 -103.64
103.64 -104.24 -103.64
103.64 -104.85 -103.64
103.64 -104.24 -103.64
103.64 -104.85 -103.64
103.64 -104.85 -103.64
103.64 -104.85 -103.64
103.64 -104.85 -103.64
103.64 -104.85 -103.64
103.64 -104.85 -103.64
103.64 -104.85 -103.64
103.64 -104.85 -103.64
103.64 -104.85 -104.24
103.64 -104.24 -103.64
103.64 -104.24 -104.24
103.64 -104.24 -103.64
103.64 -104.85 -104.24
103.64 -104.85 -104.24
103.64 -104.85 -104.24
103.64 -104.85 -104.24
103.64 -104.85 -104.24
103.64 -104.85 -104.24
103.64 -104.85 -104.24
103.64 -104.85 -84.85
103.64 -104.85 -48.48
103.64 -104.85 -18.79
103.64 -104.85 4.85
103.64 -104.85 24.24
103.64 -104.85 39.39
103.64 -104.85 51.52
103.64 -104.85 61.82
103.64 -104.85 69.7
103.64 -104.24 75.76
103.64 -71.52 80.61
103.64 -37.58 84.85
103.64 -9.7 87.88
103.64 11.52 90.91
103.64 29.7 92.73
103.64 43.64 94.55
103.64 55.15 95.76
103.64 64.24 96.97
103.64 71.52 97.58
103.64 76.97 98.18
103.64 81.82 98.79
103.64 85.45 99.39
103.64 89.09 100.0
103.64 90.91 100.0
103.64 92.73 100.0
103.64 94.55 100.61
103.64 95.76 100.61
103.64 96.36 100.61
103.64 97.58 100.61
103.64 98.18 100.61
103.64 98.18 100.61
103.64 98.79 101.21
103.64 99.39 101.21
103.64 99.39 101.21
103.64 100.0 101.21
103.64 100.0 101.21
103.64 100.0 101.21
103.64 100.0 101.21
104.24 100.61 101.82
103.64 100.0 101.21
103.64 100.0 101.21
103.64 100.0 101.21
103.64 100.61 101.21
103.64 100.61 101.21
103.64 100.61 101.21
103.64 100.61 101.21
103.64 100.61 101.21
103.64 100.61 101.21
103.64 100.61 101.21
103.64 100.61 101.21
103.64 100.61 101.21
103.64 100.61 101.21
103.64 100.61 101.21
103.64 100.61 101.21
103.64 100.61 101.21
103.64 100.61 101.21
103.64 100.61 101.21
103.64 100.61 101.21
103.64 100.61 101.21
103.64 100.61 101.21
103.64 100.61 101.21
103.64 100.61 101.21
103.64 100.61 101.21
103.64 100.61 101.21
103.64 100.61 101.21
103.64 100.61 101.21
103.64 100.61 101.21
103.64 100.61 101.21
103.64 100.61 101.21
103.64 100.61 101.21
103.64 100.61 101.21
103.64 100.61 101.21
103.64 100.61 101.21
103.64 100.61 101.21
103.64 100.61 101.21
103.64 100.61 101.21
103.64 100.61 101.21
103.64 100.61 101.21
103.64 100.61 101.21
103.64 100.61 101.21
103.64 100.61 101.21
104.24 101.21 101.82
103.64 100.61 101.21
103.64 100.61 101.21
103.64 100.61 101.21
103.64 100.61 101.21
103.64 100.61 101.21
103.64 100.61 101.21
103.64 100.61 101.21
103.64 100.61 101.21
103.64 100.61 101.21
103.64 100.61 101.21
103.64 100.61 101.21
103.64 100.61 101.21
103.64 100.61 101.21
103.64 100.61 101.21
103.64 100.61 101.21
103.64 100.61 101.21
103.64 100.61 101.21
103.64 100.61 101.21
103.64 100.61 101.21
103.64 100.61 101.21
103.64 100.61 101.21
103.64 100.61 101.21
103.64 100.61 101.21
103.64 100.61 101.21
103.64 100.61 101.21
103.64 100.61 101.21
103.64 100.61 101.21
103.64 100.61 101.21
103.64 100.61 101.21
103.64 100.61 101.21
103.64 100.61 101.21
103.64 100.61 101.21
103.64 100.61 101.21
103.64 100.61 101.21
103.64 100.61 101.21
103.64 100.61 101.21
103.64 100.61 101.21
103.64 100.61 101.21
103.64 100.61 101.21
103.64 100.61 101.21
103.64 100.61 101.21
103.64 100.61 101.21
103.64 100.61 101.21
103.64 100.61 101.21
103.64 100.61 101.21
103.64 100.61 101.21
104.24 101.21 101.21
103.64 100.61 101.21
103.64 100.61 101.21
103.64 100.61 101.21
103.64 100.61 101.21
103.64 100.61 101.21
103.64 100.61 101.21
103.64 100.61 101.21
103.64 100.61 101.21
103.64 100.61 101.21
103.64 100.61 101.21
103.64 100.61 101.21
103.64 100.61 101.21
103.64 100.61 101.21
103.64 100.61 101.21
103.64 100.61 101.21
103.64 100.61 101.21
103.64 100.61 101.21
103.64 100.61 101.21
103.64 100.61 101.21
103.64 100.61 101.21
103.64 100.61 101.21
103.64 100.61 101.21
103.64 100.61 101.21
103.64 100.61 101.21
103.64 100.61 101.21
103.64 100.61 101.21
103.64 100.61 101.21
103.64 100.61 101.21
103.64 100.61 101.21
103.64 100.61 101.21
103.64 100.61 101.21
103.64 100.61 101.21
103.64 100.61 101.21
103.64 100.61 101.21
103.64 100.61 101.21
103.64 100.61 101.21
103.64 100.61 101.21
103.64 100.61 101.21
103.64 100.61 101.21
103.64 100.61 101.21
103.64 100.61 101.21
103.64 100.61 101.21
103.64 100.61 101.21
103.64 100.61 101.21
103.64 100.61 101.21
103.64 90.91 101.21
103.64 55.15 101.21
103.64 23.03 101.21
103.64 -1.82 101.21
103.64 -22.42 101.21
103.64 -39.39 101.21
103.64 -52.12 101.21
103.64 -63.03 101.21
103.64 -70.91 101.21
103.64 -77.58 101.21
103.64 -83.03 101.21
103.64 -87.27 101.21
103.64 -90.91 101.21
103.64 -93.33 101.21
103.64 -95.76 101.21
103.64 -97.58 101.21
103.64 -98.79 101.21
103.64 -100.0 101.21
103.64 -101.21 101.21
103.64 -101.82 101.21
103.64 -102.42 101.21
103.64 -103.03 101.21
103.64 -103.03 101.21
103.64 -103.64 101.21
103.64 -103.64 101.21
103.64 -103.64 101.21
103.64 -104.24 101.21
103.64 -104.24 101.21
103.64 -104.24 101.21
103.64 -104.24 101.21
103.64 -104.24 101.21
103.64 -104.24 101.21
103.64 -104.85 101.21
103.64 -104.24 101.21
103.64 -104.24 101.21
103.64 -104.24 101.21
103.64 -104.24 101.21
103.64 -104.85 101.21
103.64 -104.85 101.21
103.64 -104.85 101.21
103.64 -104.85 101.21
103.64 -104.85 101.21
103.64 -104.85 101.21
103.64 -104.85 101.21
103.64 -104.85 101.21
103.64 -104.85 101.21
103.64 -104.24 101.21
103.64 -104.85 101.21
103.64 -104.85 101.21
103.64 -104.85 101.21
103.64 -104.85 101.21
103.64 -104.85 101.21
103.64 -104.85 101.21
103.64 -104.85 101.21
103.64 -104.85 101.21
103.64 -104.85 101.21
103.64 -104.85 101.21
103.64 -104.85 101.21
103.64 -104.85 101.21
103.64 -104.85 101.21
103.64 -104.24 101.21
103.64 -104.85 101.21
103.64 -104.85 101.21
103.64 -104.85 101.21
103.64 -104.85 101.21
103.64 -104.85 101.21
103.64 -104.85 101.21
103.64 -104.85 101.21
103.64 -104.85 101.21
103.64 -104.85 101.21
103.64 -104.85 101.21
103.64 -104.85 101.21
103.64 -104.85 101.21
103.64 -104.85 101.21
103.64 -104.85 101.21
103.64 -104.85 101.21
103.64 -104.85 101.21
103.64 -104.85 101.82
103.64 -104.85 101.21
103.64 -104.85 101.21
103.64 -104.85 101.21
103.64 -104.24 101.21
103.64 -104.85 101.21
103.64 -104.85 101.21
103.64 -104.85 101.21
103.64 -104.85 101.21
103.64 -104.85 101.21
103.64 -104.85 101.21
103.64 -104.85 101.21
103.64 -104.85 101.21
103.64 -104.85 101.21
103.64 -104.85 101.21
103.64 -104.24 101.21
103.64 -104.24 101.21
103.64 -104.24 101.21
103.64 -104.85 101.21
103.64 -104.85 101.21
103.64 -104.85 101.21
103.64 -104.85 101.21
103.64 -104.85 101.21
103.64 -104.85 101.21
103.64 -104.85 101.21
103.64 -104.85 101.21
103.64 -104.85 101.21
103.64 -104.85 101.21
103.64 -104.85 101.21
103.64 -104.85 101.21
103.64 -104.85 101.21
103.64 -104.85 101.21
103.64 -104.85 101.21
103.64 -104.85 101.21
103.64 -104.85 101.21
103.64 -104.85 101.21
103.64 -104.85 101.21
103.64 -104.85 101.21
103.64 -104.85 101.21
103.64 -104.85 101.21
103.64 -104.85 101.21
103.64 -104.85 101.21
103.64 -104.85 101.21
104.24 -105.45 101.82
103.64 -104.85 101.21
103.64 -104.85 101.21
103.64 -104.85 101.21
103.64 -104.85 101.21
103.64 -104.85 101.21
103.64 -104.24 101.21
103.64 -104.85 101.21
103.64 -104.24 101.21
103.64 -104.85 101.21
103.64 -104.85 101.21
103.64 -104.85 101.21
103.64 -104.85 101.21
103.64 -104.85 101.21
103.64 -104.85 101.21
103.64 -104.85 101.21
103.64 -104.85 101.21
103.64 -104.85 101.21
103.64 -104.85 101.21
103.64 -104.85 101.21
103.64 -104.85 101.21
103.64 -104.85 101.21
103.64 -104.85 101.21
103.64 -104.85 101.21
103.64 -104.85 101.21
103.64 -104.85 101.21
103.64 -104.85 71.52
103.64 -104.85 36.97
103.64 -104.85 8.48
103.64 -104.85 -13.33
103.64 -104.85 -31.52
103.64 -104.85 -46.06
103.64 -104.85 -57.58
103.64 -104.85 -66.67
103.64 -104.85 -73.94
103.64 -104.85 -80.0
103.64 -104.85 -84.85
103.64 -104.85 -88.48
103.64 -104.85 -91.52
103.64 -104.85 -93.94
103.64 -104.85 -96.36
103.64 -104.85 -97.58
103.64 -104.85 -98.79
103.64 -104.85 -100.0
103.64 -104.85 -100.61
103.64 -104.85 -101.21
103.64 -104.85 -101.82
103.64 -104.85 -102.42
103.64 -104.85 -102.42
103.64 -104.85 -102.42
103.64 -104.85 -103.03
103.64 -104.85 -103.03
103.64 -104.85 -103.03
103.64 -104.85 -103.64
103.64 -104.85 -103.64
103.64 -104.85 -103.64
103.64 -104.85 -103.64
103.64 -104.85 -103.64
103.64 -104.85 -103.64
103.64 -104.85 -103.64
103.64 -104.85 -103.64
103.64 -104.85 -103.64
103.64 -104.85 -103.64
103.64 -104.85 -103.64
103.64 -104.85 -103.64
103.64 -104.85 -103.64
103.64 -104.85 -103.64
103.64 -104.85 -103.64
103.64 -104.85 -103.64
103.64 -104.85 -103.64
103.64 -104.85 -103.64
103.64 -104.85 -103.64
103.64 -104.85 -103.64
103.64 -104.85 -103.64
103.64 -104.85 -103.64
103.64 -104.85 -103.64
103.64 -104.85 -103.64
103.64 -104.85 -103.64
103.64 -104.85 -103.64
103.64 -104.85 -103.64
103.64 -104.85 -103.64
103.64 -104.85 -103.64
103.64 -104.85 -103.64
103.64 -104.85 -103.64
103.64 -104.85 -104.24
103.64 -104.85 -104.24
103.64 -104.85 -104.24
103.64 -104.85 -104.24
92.12 -104.85 -103.64
55.76 -104.85 -103.64
23.64 -104.85 -103.64
-1.82 -104.85 -103.64
-23.03 -104.85 -103.64
-39.39 -104.85 -103.64
-52.73 -104.85 -103.64
-63.64 -104.85 -103.64
-72.12 -104.85 -103.64
-78.79 -104.85 -103.64
-84.24 -104.85 -103.64
-88.48 -104.85 -103.64
-92.12 -104.85 -103.64
-95.15 -104.85 -103.64
-97.58 -104.85 -103.64
-99.39 -104.85 -103.64
-100.61 -104.85 -103.64
-101.82 -104.85 -103.64
-102.42 -104.85 -103.64
-103.64 -104.24 -104.24
-104.24 -104.24 -103.64
-104.24 -104.24 -103.64
-104.85 -104.24 -103.64
-104.85 -104.85 -103.64
-105.45 -104.85 -103.64
-105.45 -104.85 -103.64
-105.45 -104.85 -103.64
-106.06 -104.85 -103.64
-106.06 -104.85 -103.64
-106.06 -104.24 -103.64
-106.06 -104.24 -103.64
-106.06 -104.24 -103.64
-106.06 -104.24 -103.64
-106.06 -104.24 -103.64
-106.06 -104.24 -103.64
-106.67 -104.85 -103.64
-106.67 -104.85 -103.64
-106.67 -104.85 -103.64
-106.67 -104.85 -103.64
-106.67 -104.85 -103.64
-106.67 -104.85 -103.64
-106.67 -104.85 -103.64
-106.67 -104.85 -103.64
-106.67 -104.85 -103.64
-106.67 -104.85 -103.64
-106.67 -104.85 -103.64
-106.67 -104.85 -103.64
-106.06 -104.85 -103.64
-106.06 -104.85 -103.64
-106.06 -104.85 -103.64
-106.06 -104.85 -103.64
-106.06 -104.85 -103.64
-106.67 -104.85 -103.64
-106.67 -104.85 -103.64
-106.67 -104.85 -104.24
-106.67 -104.85 -103.64
-106.67 -104.85 -103.64
-106.67 -104.85 -103.64
-106.67 -104.85 -104.24
-106.67 -104.85 -103.64
-106.67 -104.85 -104.24
-106.67 -104.85 -103.64
-106.67 -104.85 -103.64
-106.67 -104.85 -103.64
-106.67 -104.85 -103.64
-106.67 -104.85 -103.64
-106.67 -104.85 -103.64
-106.67 -104.85 -103.64
-106.67 -104.85 -103.64
-106.67 -104.85 -103.64
-106.67 -104.85 -104.24
-106.67 -104.85 -104.24
-106.67 -104.85 -104.24
-106.67 -104.85 -103.64
-106.67 -104.85 -104.24
-106.67 -104.85 -103.64
-106.67 -104.85 -104.24
-106.67 -104.85 -103.64
-106.67 -104.85 -103.64
-106.67 -104.85 -103.64
-106.67 -104.85 -103.64
-106.67 -104.85 -103.64
-106.67 -104.85 -104.24
-106.67 -104.85 -103.64
-106.67 -104.85 -103.64
-106.67 -104.85 -103.64
-106.67 -104.85 -103.64
-106.67 -104.85 -103.64
-106.67 -104.85 -103.64
-106.67 -104.85 -103.64
-106.67 -104.85 -103.64
-106.67 -104.85 -103.64
-106.67 -104.85 -103.64
-106.67 -104.85 -103.64
-106.67 -104.85 -104.24
-106.67 -104.85 -103.64
-106.67 -104.85 -103.64
-106.67 -104.85 -103.64
-106.67 -104.85 -103.64
-106.67 -104.85 -103.64
-106.67 -104.85 -103.64
-106.67 -104.85 -103.64
-106.67 -104.85 -103.64
-106.67 -104.85 -103.64
-106.67 -104.85 -103.64
-106.67 -104.85 -103.64
-106.67 -104.85 -103.64
-106.67 -104.85 -103.64
-106.67 -104.85 -103.64
-106.67 -104.85 -103.64
-106.67 -104.85 -103.64
-106.67 -104.85 -103.64
-106.67 -104.85 -103.64
-106.67 -104.85 -103.64
-106.67 -104.85 -103.64
-106.67 -104.85 -103.64
-106.67 -104.85 -103.64
-106.67 -104.85 -103.64
-106.67 -104.85 -103.64
-106.67 -104.85 -103.64
-106.67 -104.85 -103.64
-106.67 -104.85 -103.64
-106.67 -104.85 -104.24
-106.67 -104.85 -103.64
-106.67 -104.85 -103.64
-107.27 -105.45 -104.24
-106.67 -104.85 -103.64
-106.67 -104.85 -103.64
-106.67 -104.85 -103.64
-106.67 -104.85 -103.64
-106.67 -104.85 -103.64
-106.67 -104.85 -103.64
-106.67 -104.85 -103.64
-106.67 -104.85 -103.64
-106.67 -104.85 -103.64
-106.67 -104.85 -103.64
-106.67 -104.85 -103.64
-106.67 -104.85 -103.64
-106.67 -104.85 -103.64
-106.67 -104.85 -103.64
-106.67 -104.85 -103.64
-106.67 -104.85 -103.64
-106.67 -104.85 -103.64
-106.67 -104.85 -103.64
-106.67 -104.85 -104.24
-106.67 -104.85 -104.24
-106.67 -104.85 -104.24
-106.67 -104.85 -104.24
-106.67 -104.85 -104.24
-106.67 -104.85 -104.24
-106.67 -104.85 -104.24
-106.67 -104.85 -103.64
-106.67 -104.85 -104.24
-106.67 -104.85 -103.64
-106.67 -104.85 -104.24
-106.67 -104.85 -104.24
-106.67 -104.85 -104.24
-106.67 -104.85 -103.64
-106.67 -104.85 -103.64
-106.67 -104.85 -103.64
-106.67 -104.85 -104.24
-106.67 -104.85 -104.24
-106.67 -104.85 -104.24
-106.67 -104.85 -104.24
-106.67 -104.85 -104.24
-106.67 -104.85 -104.24
-106.67 -104.85 -104.24
-106.67 -104.85 -104.24
-107.27 -105.45 -104.24
-106.67 -104.85 -103.64
-106.67 -104.85 -103.64
-106.67 -104.85 -103.64
-107.27 -104.85 -104.24
-106.67 -104.85 -103.64
-106.67 -104.85 -103.64
-106.67 -104.85 -103.64
-106.67 -104.85 -103.64
-106.67 -104.85 -103.64
-106.67 -104.85 -103.64
-106.67 -104.85 -103.64
-106.67 -104.85 -103.64
-106.67 -104.85 -103.64
-106.67 -104.85 -103.64
-106.67 -104.85 -104.24
-106.67 -104.85 -103.64
-106.67 -104.85 -104.24
-106.67 -104.85 -104.24
-106.67 -104.85 -104.24
-106.67 -104.85 -103.64
-106.67 -104.85 -103.64
-106.67 -104.85 -104.24
-106.67 -104.85 -104.24
-106.67 -104.85 -104.24
-106.67 -104.85 -104.24
-106.67 -104.85 -103.64
-106.67 -104.85 -104.24
-106.67 -104.85 -104.24
-106.67 -104.85 -104.24
-106.67 -104.85 -103.64
-106.67 -104.85 -103.64
-106.67 -104.85 -103.64
-106.67 -104.85 -103.64
-106.67 -104.85 -103.64
-107.27 -104.85 -104.24
-106.67 -104.85 -103.64
-106.67 -104.85 -103.64
-106.67 -104.85 -103.64
-106.67 -104.85 -103.64
-106.67 -104.85 -103.64
-106.67 -104.85 -103.64
-106.67 -104.85 -103.64
-106.67 -104.85 -103.64
-106.67 -104.85 -103.64
-106.67 -104.85 -103.64
-106.67 -104.85 -103.64
-107.27 -105.45 -104.24
-106.67 -104.85 -103.64
-106.67 -104.85 -103.64
-106.67 -104.85 -103.64
-106.67 -104.85 -103.64
-106.67 -104.85 -103.64
-106.67 -104.85 -103.64
-106.67 -104.85 -104.24
-106.67 -104.85 -103.64
-106.67 -104.85 -103.64
-106.67 -104.85 -103.64
-106.67 -104.85 -104.24
-106.67 -104.85 -104.24
-106.67 -104.85 -104.24
-106.67 -104.85 -104.24
-106.67 -104.85 -104.24
-106.67 -104.85 -104.24
-106.67 -104.85 -104.24
-106.67 -104.85 -103.64
-106.67 -104.85 -103.64
-106.67 -104.85 -103.64
-106.67 -104.85 -104.24
-106.67 -104.85 -104.24
-106.67 -104.85 -104.24
-106.67 -104.85 -104.24
-106.67 -104.85 -104.24
-106.67 -104.85 -104.24
-106.67 -104.85 -104.24
-106.67 -104.85 -104.24
-106.67 -104.85 -104.24
-106.67 -104.85 -104.24
-106.67 -104.85 -104.24
-106.67 -104.85 -104.24
-106.67 -104.85 -104.24
-106.67 -104.85 -104.24
-106.67 -104.85 -104.24
-106.67 -104.85 -104.24
-106.67 -104.85 -104.24
-106.67 -104.85 -104.24
-106.67 -104.85 -104.24
-106.67 -104.85 -104.24
-106.67 -104.85 -104.24
-106.67 -104.85 -104.24
-106.67 -104.85 -104.24
-106.67 -104.85 -104.24
-106.67 -104.85 -104.24
-106.67 -104.85 -104.24
-106.67 -104.85 -104.24
-106.67 -104.85 -104.24
-106.67 -104.85 -104.24
-106.67 -104.85 -104.24
-106.67 -104.85 -104.24
-106.67 -104.85 -104.24
-106.67 -104.85 -104.24
-106.67 -104.85 -104.24
-106.67 -104.85 -104.24
-106.67 -104.85 -104.24
-106.67 -104.85 -104.24
-106.67 -104.85 -104.24
-106.67 -104.85 -104.24
-106.67 -104.85 -104.24
-106.67 -104.85 -104.24
-106.67 -104.85 -104.24
-106.67 -104.85 -104.24
-106.67 -104.85 -104.24
-106.67 -104.85 -103.64
-106.67 -104.85 -104.24
-106.67 -104.85 -104.24
-106.67 -104.85 -104.24
-106.67 -104.85 -104.24
-106.67 -104.85 -104.24
-106.67 -104.85 -104.24
-106.67 -104.85 -104.24
-107.27 -104.85 -104.24
-106.67 -104.85 -104.24
-106.67 -104.85 -103.64
-106.67 -104.85 -103.64
-106.67 -104.85 -104.24
-106.67 -104.85 -104.24
-106.67 -104.85 -104.24
-106.67 -104.85 -104.24
-106.67 -104.85 -104.24
-106.67 -104.85 -104.24
-106.67 -104.85 -104.24
-106.67 -104.85 -104.24
-106.67 -104.85 -104.24
-106.67 -104.85 -104.24
-106.67 -104.85 -104.24
-106.67 -104.85 -103.64
-106.67 -104.85 -103.64
-106.67 -104.85 -104.24
-106.67 -104.85 -104.24
-106.67 -104.85 -104.24
-106.67 -104.85 -104.24
-106.67 -104.85 -104.24
-106.67 -104.85 -104.24
-106.67 -104.85 -104.24
-106.67 -104.85 -104.24
-106.67 -104.85 -104.24
-106.67 -104.85 -104.24
-106.67 -104.85 -104.24
-106.67 -104.85 -104.24
-106.67 -104.85 -104.24
-106.67 -104.85 -104.24
-106.67 -104.85 -104.24
-106.67 -104.85 -104.24
-106.67 -104.85 -104.24
-106.67 -104.85 -104.24
-106.67 -104.85 -104.24
-106.67 -104.85 -104.24
-106.67 -104.85 -104.24
-106.67 -104.85 -104.24
-106.67 -104.85 -104.24
-106.67 -104.85 -104.24
-106.67 -104.85 -104.24
-106.67 -104.85 -104.24
-106.67 -104.85 -104.24
-106.67 -104.85 -104.24
-106.67 -104.85 -104.24
-106.67 -104.85 -104.24
-106.67 -104.85 -104.24
-106.67 -104.85 -104.24
-106.67 -104.85 -104.24
-107.27 -105.45 -104.24
-106.67 -104.85 -103.64
-106.67 -104.85 -104.24
-106.67 -104.85 -104.24
-106.67 -104.85 -104.24
-106.67 -104.85 -104.24
-106.67 -104.85 -104.24
-106.67 -104.85 -104.24
-106.67 -104.85 -104.24
-106.67 -104.85 -104.24
-106.67 -104.85 -104.24
-106.67 -104.85 -104.24
-106.67 -104.85 -104.24
-106.67 -104.85 -104.24
-106.67 -104.85 -104.24
-106.67 -104.85 -104.24
-106.67 -104.85 -104.24
-106.67 -104.24 -103.64
-102.42 -100.0 -99.39
